6 1 7 0 478 761 -1 -1 -1 0 
7 1 7 0 535 762 -1 -1 -1 0 
8 1 9 0 535 763 -1 -1 -1 0 
9 1 9 0 535 763 -1 -1 -1 0 
10 1 1 0 556 766 -1 -1 -1 0 
11 1 1 0 556 767 -1 -1 -1 0 
12 1 1 0 556 767 -1 -1 -1 0 
13 1 0 3 584 763 -1 -1 -1 0 
14 1 3 4 585 762 -1 -1 -1 0 
15 1 3 4 585 762 -1 -1 -1 0 
16 1 32 3 614 762 -1 -1 -1 0 
17 1 36 3 613 762 -1 -1 -1 0 
18 1 36 2 613 763 -1 -1 -1 0 
19 1 64 2 648 764 -1 -1 -1 0 
20 1 64 1 655 766 -1 -1 -1 0 
21 1 63 2 656 765 -1 -1 -1 0 
22 1 150 0 615 767 -1 -1 -1 0 
23 1 154 0 616 767 -1 -1 -1 0 
24 1 154 0 616 767 -1 -1 -1 0 
25 1 207 0 614 767 -1 -1 -1 0 
26 1 208 0 615 767 -1 -1 -1 0 
27 1 208 0 615 767 -1 -1 -1 0 
28 1 230 0 594 767 -1 -1 -1 0 
29 1 230 1 594 766 -1 -1 -1 0 
30 1 230 1 594 766 -1 -1 -1 0 
31 1 181 1 570 766 -1 -1 -1 0 
32 1 181 2 568 765 -1 -1 -1 0 
33 1 181 2 568 765 -1 -1 -1 0 
34 1 21 0 697 763 -1 -1 -1 0 
35 1 18 0 695 762 -1 -1 -1 0 
36 1 18 0 696 761 -1 -1 -1 0 
37 1 1 0 709 767 -1 -1 -1 0 
38 1 0 0 707 767 -1 -1 -1 0 
39 1 0 0 707 767 -1 -1 -1 0 
40 1 19 0 691 767 -1 -1 -1 0 
41 1 18 0 693 767 -1 -1 -1 0 
42 1 19 0 692 767 -1 -1 -1 0 
43 1 215 1 516 764 -1 -1 -1 0 
44 1 217 0 516 765 -1 -1 -1 0 
45 1 217 1 516 764 -1 -1 -1 0 
46 1 270 0 552 763 -1 -1 -1 0 
47 1 272 0 552 762 -1 -1 -1 0 
48 1 272 0 552 762 -1 -1 -1 0 
49 1 267 0 489 767 -1 -1 -1 0 
50 1 267 0 490 767 -1 -1 -1 0 
51 1 267 0 490 767 -1 -1 -1 0 
52 1 141 2 580 759 -1 -1 -1 0 
53 1 139 2 580 758 -1 -1 -1 0 
54 1 139 1 580 759 -1 -1 -1 0 
55 1 50 0 664 765 -1 -1 -1 0 
56 1 49 0 664 766 -1 -1 -1 0 
57 1 49 0 664 766 -1 -1 -1 0 
58 1 207 0 520 767 -1 -1 -1 0 
59 1 208 0 520 767 -1 -1 -1 0 
60 1 208 0 520 767 -1 -1 -1 0 
61 1 258 2 540 765 -1 -1 -1 0 
62 1 259 2 540 765 -1 -1 -1 0 
63 1 259 2 540 765 -1 -1 -1 0 
64 1 217 0 788 763 -1 -1 -1 0 
65 1 219 0 789 762 -1 -1 -1 0 
66 1 218 0 790 762 -1 -1 -1 0 
67 1 96 0 927 761 -1 -1 -1 0 
68 1 93 1 930 759 -1 -1 -1 0 
69 1 93 0 930 759 -1 -1 -1 0 
70 1 66 0 947 758 -1 -1 -1 0 
71 1 66 0 947 757 -1 -1 -1 0 
72 1 67 0 946 757 -1 -1 -1 0 
73 1 10 0 628 765 -1 -1 -1 0 
74 1 0 0 625 765 -1 -1 -1 0 
75 1 0 0 625 766 -1 -1 -1 0 
6 1 0.741674 0 
7 1 0.873519 0 
8 1 0.875363 0 
9 1 0.876155 0 
10 1 0.900892 0 
11 1 0.900223 0 
12 1 0.901201 0 
13 1 0.791302 0 
14 1 0.786318 0 
15 1 0.788118 0 
16 1 0.868805 0 
17 1 0.881528 0 
18 1 0.882413 0 
19 1 0.821479 0 
20 1 0.833574 0 
21 1 0.832531 0 
22 1 0.867094 0 
23 1 0.868724 0 
24 1 0.867447 0 
25 1 0.875351 0 
26 1 0.880923 0 
27 1 0.881894 0 
28 1 0.89914 0 
29 1 0.895953 0 
30 1 0.895419 0 
31 1 0.913415 0 
32 1 0.912398 0 
33 1 0.912285 0 
34 1 0.870576 0 
35 1 0.868631 0 
36 1 0.867627 0 
37 1 0.839322 0 
38 1 0.842425 0 
39 1 0.841678 0 
40 1 0.8326 0 
41 1 0.839593 0 
42 1 0.836284 0 
43 1 0.939601 0 
44 1 0.939843 0 
45 1 0.940159 0 
46 1 0.908328 0 
47 1 0.908285 0 
48 1 0.908512 0 
49 1 0.92631 0 
50 1 0.926294 0 
51 1 0.926411 0 
52 1 0.914213 0 
53 1 0.91443 0 
54 1 0.915369 0 
55 1 0.920378 0 
56 1 0.920207 0 
57 1 0.920089 0 
58 1 0.944069 0 
59 1 0.943513 0 
60 1 0.943362 0 
61 1 0.920297 0 
62 1 0.92101 0 
63 1 0.920826 0 
64 1 0.871688 0 
65 1 0.883584 0 
66 1 0.883344 0 
67 1 0.765606 0 
68 1 0.757008 0 
69 1 0.760447 0 
70 1 0.841194 0 
71 1 0.840074 0 
72 1 0.846908 0 
73 1 0.826242 0 
74 1 0.838522 0 
75 1 0.840876 0 
6 1 0.741674 0 
7 1 0.873519 0 
8 1 0.875363 0 
9 1 0.876155 0 
